- OS: Windows-10-10.0.19045-SP0 10.0.19045
- Python: 3.11.8
- Stable-Baselines3: 2.2.1
- PyTorch: 2.2.1
- GPU Enabled: False
- Numpy: 1.26.4
- Cloudpickle: 2.2.1
- Gymnasium: 0.28.1
